    1     2.65245295
    2     2.36739230
    3     1.84622991
    4     1.66815186
    5     1.08305144
    6     1.21724069
    7     0.79019010
    8     0.86625761
    9     0.88458228
   10     0.59665191
   11     0.76315606
   12     0.75276375
   13     0.61360216
   14     0.70784199
   15     0.69185406
   16     0.80202466
   17     0.80791056
   18     0.49587724
   19     0.52140725
   20     0.63804811
   21     0.55479097
   22     0.39703095
   23     0.43296981
   24     0.42494625
   25     0.87369204
   26     0.49509621
   27     0.56581318
   28     0.40268764
   29     0.52908576
   30     0.50621241
   31     0.71439928
   32     0.45285442
   33     0.72239810
   34     0.52219051
   35     0.74110603
   36     0.36722380
   37     0.55493581
   38     0.40376833
   39     0.38991120
   40     0.50303900
   41     0.73440540
   42     0.44264227
   43     0.37080035
   44     0.41760144
   45     0.41026187
   46     0.54957324
   47     0.45775944
   48     0.45890796
   49     0.55433273
   50     0.38786775
